# yamllint disable
end-of-epoch: true
error: 0.03662597015500069
loss: 0.19582564558710575
unixtime: 1648704382.8063478
