epoch: 1, lr: 2.89e-05, steps: 3171, optimizer: Adam - train loss: 1.00 - valid loss: 2.87e-01, valid ACC: 8.91e-01, valid ACC_external: 7.37e-01, valid Utility_Retention: 0.8544971346855164
epoch: 2, lr: 5.79e-05, steps: 6342, optimizer: Adam - train loss: 4.46e-01 - valid loss: 2.20e-01, valid ACC: 9.36e-01, valid ACC_external: 9.43e-01, valid Utility_Retention: 0.9651156067848206
epoch: 2, lr: 5.79e-05, steps: 6342, optimizer: Adam - train loss: -1.56e+00 - valid loss: -2.67e+00, valid ACC: 8.47e-02, valid ACC_external: 1.07e-01, valid Utility_Retention: 0.8975256085395813
Epoch loaded: 2 - test loss: 0.00e+00, test ACC: 3.70e-01, test ACC_external: 2.20e-01, test Utility_Retention: 0.9156718254089355, test WER: 3.53
