epoch: 1, lr: 9.13e-09, steps: 2, optimizer: Adam - train loss: 9.18e-01 - valid loss: 9.18e-01, valid ACC: 0.00e+00, valid Utility_Retention: 0.04836611449718475
epoch: 2, lr: 2.74e-08, steps: 4, optimizer: Adam - train loss: 9.18e-01 - valid loss: 9.18e-01, valid ACC: 0.00e+00, valid Utility_Retention: 0.048366088420152664
Epoch loaded: 2 - test loss: 8.29e-01, test ACC: 1.00e+00, test Utility_Retention: 0.03849341347813606, test WER: 1.00e+02
