# yamllint disable
end-of-epoch: true
error: 0.052164264023303986
loss: 0.18378063385963017
unixtime: 1648423423.1592033
